 #<Re1> ; <Re2> ; tau
   33.4999619       34.2267151       662.000061    
   34.9593277       33.2510300       327.000031    
   34.4615631       33.5375862       463.000031    
   35.0733452       34.8912354       381.000031    
   34.9003906       35.6439781       413.000031    
   33.8633842       34.5273399       373.000031    
   34.4029427       34.4822540       350.000031    
   34.3584595       33.7601929       260.000000    
   33.7085075       34.1449776       318.000000    
   33.5800323       33.4181862       414.000031    
   34.7314339       34.9673119       419.000031    
   33.7334290       34.2649307       449.000031    
   33.9838409       34.4575844       325.000031    
   34.5253067       34.3505898       516.000000    
   35.0679283       34.9383316       391.000031    
   34.1704750       34.4328156       476.000031    
   34.3090553       35.1395683       394.000031    
   33.6822472       33.6761475       418.000031    
   33.4163780       35.0706444       289.000000    
   34.2348289       33.1911507       315.000000    
   34.3332329       34.5497284       298.000000    
   34.2849655       34.9719315       248.000015    
   34.6891403       34.3983116       471.000031    
   33.2584114       34.3710823       480.000031    
   34.7504768       35.7243805       321.000000    
   34.2027168       33.7089500       280.000000    
   34.4709549       33.9639435       301.000000    
   34.6781464       34.8538017       458.000031    
   34.9270935       34.4945374       312.000000    
   33.8058014       34.1348419       397.000031    
   33.2076874       34.7507095       248.000015    
   35.1054268       33.9804916       373.000031    
   34.3636398       34.0896835       468.000031    
   34.3075562       34.8621597       457.000031    
   33.8714676       34.3809624       316.000000    
   34.9412079       34.3997993       480.000031    
   35.2558174       34.5333061       425.000031    
   35.3807983       34.1027679       280.000000    
   34.2004318       35.2019005       300.000000    
   35.2006874       34.7990265       501.000031    
   33.9666862       33.5997391       356.000031    
   34.2689819       34.6879997       295.000000    
   33.5502129       35.2230530       317.000000    
   35.7298317       35.2009392       241.000015    
   35.9963036       34.1843567       279.000000    
   35.2957306       34.6019440       513.000000    
   34.7490273       33.8841782       248.000015    
   34.5472031       35.4374008       366.000031    
   34.0801506       33.7829628       402.000031    
   34.2847366       34.7490578       283.000000 
