#<Re1> ; <Re2> ; tau
   31.1092758       30.5654221       394.000031    
   29.8356972       30.0326691       563.000000    
   29.8663044       30.8578453       558.000000    
   30.7417870       29.5866833       395.000031    
   31.0945625       30.3227768       487.000031    
   30.5174580       31.1554718       568.000000    
   28.6461506       30.3863201       474.000031    
   30.9551029       30.8984127       428.000031    
   30.3950272       30.3825817       527.000000    
   30.1984081       30.3432636       512.000000    
   30.0407429       30.6890316       433.000031    
   31.2608166       31.8225746       761.000061    
   30.4840984       30.5609188       341.000031    
   30.7352562       30.6442680       330.000031    
   30.1483822       29.7577705       324.000031    
   31.7174988       29.7639046       458.000031    
   31.0220413       31.0943394       626.000000    
   31.1406708       30.3636799       730.000061    
   29.5116806       28.9344597       576.000000    
   29.1162529       30.8314171       713.000061    
   30.1823196       30.0724220       382.000031    
   30.2695522       30.6495132       460.000031    
   31.2069626       31.7382469       487.000031    
   32.6269379       31.1360188       1036.00000    
   31.1962757       31.7561455       787.000061    
   31.8262672       30.9791679       374.000031    
   31.1408157       30.6374264       621.000000    
   30.6546726       32.1861763       428.000031    
   30.6368618       31.1149559       380.000031    
   31.2209454       31.6967010       345.000031    
   30.0720158       29.1933804       430.000031    
   29.2158413       31.1949215       454.000031    
   31.2084293       31.6603737       466.000031    
   30.5983162       30.5442924       376.000031    
   31.7629147       30.9666862       590.000000    
   31.1333885       30.2055836       420.000031    
   31.5065479       31.2143230       362.000031    
   31.9280090       31.2561359       870.000061    
   29.4608479       29.8882504       391.000031    
   29.2761726       28.1644363       462.000031    
   31.0694237       31.2020950       286.000000    
   32.1113815       31.2589912       279.000000    
   30.0549583       30.0814228       491.000031    
   30.7617111       30.8308582       431.000031    
   31.7909679       29.6897488       380.000031    
   30.7820530       30.5859032       355.000031    
   31.4356461       31.4006920       662.000061    
   29.7872086       29.6266956       426.000031    
   31.3749657       31.3661118       438.000031    
   31.8299332       31.0454044       203.000015 
