 #<Re1> ; <Re2> ; tau
   22.7815094       23.6455975       583.000000    
   24.7569504       18.8297539       841.000061    
   22.8593140       22.5026321       421.000031    
   21.9525986       17.4919968       627.000000    
   21.3557720       20.8933926       780.000061    
   23.1444950       22.8150883       392.000031    
   22.0329723       23.2232780       415.000031    
   24.7493935       24.8925419       942.000061    
   22.1064835       18.9001770       415.000031    
   21.1204128       23.8932762       831.000061    
   23.1049461       24.5754261       498.000031    
   23.5151310       21.9791679       291.000000    
   23.8322315       19.4719276       224.000015    
   21.8850746       23.9731388       486.000031    
   23.2030258       22.6666813       562.000000    
   22.8343430       23.0262547       482.000031    
   20.9459381       23.8960590       602.000000    
   21.8327389       20.5492916       384.000031    
   17.7664909       22.7763004       553.000000    
   23.7754307       24.2731266       207.000015    
   24.3324165       23.9903202       641.000000    
   20.1966858       23.2596302       609.000000    
   22.3656673       22.4252224       401.000031    
   21.7658730       17.6034737       548.000000    
   22.2027721       23.2747173       497.000031    
   22.2156963       18.5608139       507.000031    
   20.1789379       20.9758873       425.000031    
   22.1338787       23.0606823       549.000000    
   24.0466843       21.1078281       322.000031    
   22.4668713       19.6255779       547.000000    
   21.1950569       20.4526997       219.000015    
   21.4332066       20.2895584       493.000031    
   21.5472565       22.6528301       201.000015    
   20.3218651       23.0827866       560.000000    
   22.2578564       20.2919369       732.000061    
   23.4214020       24.5027256       507.000031    
   26.0191708       24.2854328       771.000061    
   18.9424820       22.0364971       364.000031    
   23.7677917       20.3476696       987.000061    
   22.2855453       21.0659046       470.000031    
   20.8312149       24.1732922       616.000000    
   22.3535175       19.6389942       624.000000    
   24.0871296       23.2354031       322.000031    
   22.4029026       24.4473228       742.000061    
   22.1116581       20.0365868       874.000061    
   17.6999245       24.4890690       626.000000    
   23.5353546       22.7676163       511.000031    
   18.5543842       16.5837975       323.000031    
   21.7180023       22.2021236       412.000031    
   21.4813118       20.9382114       590.000000    
