 #<Re1> ; <Re2> ; tau
   18.6572323       20.3281212       257.000000    
   21.2191811       20.5562077       873.000061    
   20.0968399       17.0438843       164.000015    
   21.0587120       20.7368412       906.000061    
   19.1367130       17.6861153       1056.00000    
   22.0089054       20.1227131       1325.00012    
   16.6330776       20.3453960       431.000031    
   19.3510189       19.5194702       482.000031    
   19.7112503       19.6640930       271.000000    
   23.6709766       20.2775307       1388.00012    
   20.3007507       17.7977962       418.000031    
   20.4805222       21.5502281       685.000061    
   16.5593967       16.7877274       246.000015    
   20.3328438       21.2806759       1097.00000    
   17.6677399       15.3819361       493.000031    
   15.7012377       19.5139351       359.000031    
   20.9074535       20.8640785       1248.00000    
   16.5117035       18.3896580       612.000000    
   20.3051929       16.2906551       498.000031    
   20.0055065       18.8062000       920.000061    
   14.8400621       16.0374260       542.000000    
   21.2724228       17.4705257       575.000000    
   22.0330334       23.4540501       1028.00000    
   13.0036402       15.8278151       327.000031    
   21.7979908       18.3489399       652.000061    
   22.1427917       19.2109261       1136.00000    
   22.1392040       23.1534901       740.000061    
   20.0385494       22.7213478       1074.00000    
   18.3762894       21.6527023       421.000031    
   10.9048052       18.0270329       198.000015    
   19.7767887       20.0279179       670.000061    
   19.1781502       16.7775211       576.000000    
   18.8030663       20.1123600       338.000031    
   20.6040497       20.5094910       760.000061    
   17.4513474       22.1517887       1111.00000    
   20.5625820       21.7126141       502.000031    
   23.9913254       21.4300194       502.000031    
   21.1731968       21.4837551       1267.00000    
   19.2721882       15.0375690       448.000031    
   17.1003933       17.9153900       320.000000    
   16.5257645       18.9505901       786.000061    
   20.5363617       20.8136349       814.000061    
   22.0828762       17.9811211       753.000061    
   18.5947456       22.3863754       503.000031    
   15.6643105       18.2611198       503.000031    
   19.3302135       19.9527016       634.000000    
   18.2694874       15.9240274       585.000000    
   19.9947758       15.5060387       346.000031    
   20.2286949       16.6902657       353.000031    
   23.0718079       22.2598457       584.000000  
