 #<Re1> ; <Re2> ; tau
   28.3280849       25.6128407       382.000031    
   28.5227852       28.8729477       603.000000    
   26.9939079       28.2515564       204.000015    
   26.4419041       27.0524006       332.000031    
   26.6708393       27.5313740       381.000031    
   28.9728889       29.5141773       522.000000    
   28.9986992       29.3502979       389.000031    
   28.2897549       26.8956242       731.000061    
   25.1078968       27.5291424       733.000061    
   26.5184040       24.9164104       236.000015    
   25.9161320       26.1223774       623.000000    
   29.7855644       29.1980686       401.000031    
   27.6817074       24.4558239       412.000031    
   26.9892559       27.7431259       404.000031    
   27.0419426       27.7380047       453.000031    
   27.7950077       29.0608215       516.000000    
   27.2432537       24.1518345       458.000031    
   27.8532162       29.0880413       643.000061    
   26.2311649       25.5873680       271.000000    
   28.5832996       29.3738174       418.000031    
   29.0147514       28.0641098       380.000031    
   28.6795597       28.3205891       555.000000    
   24.1319065       25.8777943       726.000061    
   30.1735058       28.4014893       836.000061    
   26.5317116       26.9199181       387.000031    
   25.0337696       27.6220245       400.000031    
   27.3655949       26.8326111       815.000061    
   27.8467903       25.5035305       739.000061    
   27.2549515       28.5916691       302.000000    
   27.3117199       28.4401531       554.000000    
   29.0822697       29.2388000       461.000031    
   25.3797855       29.2728825       383.000031    
   25.2956257       26.6750832       443.000031    
   26.7542934       28.0091743       422.000031    
   26.0974827       27.8571739       428.000031    
   29.6196156       28.6397362       754.000061    
   27.6279907       28.2329941       662.000061    
   29.3306313       28.1255875       910.000061    
   28.4668846       27.9650173       446.000031    
   26.9612789       28.4050522       252.000015    
   26.5574570       25.6132526       532.000000    
   26.8270035       25.7683773       507.000031    
   27.6540642       28.1629639       364.000031    
   28.5952301       28.6820641       363.000031    
   28.4113674       28.6114483       283.000000    
   26.7611065       24.9304485       453.000031    
   27.4147606       27.0233154       314.000000    
   29.6915436       25.7309685       484.000031    
   27.9117126       27.9813633       876.000061    
   24.5574093       26.4380322       493.000031    
