 #<Re1> ; <Re2> ; tau
   15.6018028       15.9285393       264.000000    
   14.9230709       13.4920969       180.000015    
   19.4064941       16.1827812       149.000000    
   19.4855251       18.5779934       1305.00012    
   17.2559052       19.6158562       376.000031    
   19.8949795       19.6610203       723.000061    
   15.5667219       17.0816593       246.000015    
   20.9679298       17.8451939       1224.00000    
   16.5442142       18.9095364       964.000061    
   13.6734581       11.4683819       258.000000    
   16.9747868       15.1432362       591.000000    
   16.1987038       19.1148605       1117.00000    
   15.3002987       15.1242571       548.000000    
   15.8939915       16.0180397       754.000061    
   17.8788738       14.1415186       189.000015    
   17.1508598       15.7487602       226.000015    
   15.5046072       19.0339069       459.000031    
   17.6748638       15.0715399       722.000061    
   19.3559418       16.6126423       270.000000    
   15.1064091       20.6483841       185.000015    
   21.4243717       17.6962204       228.000015    
   17.0152950       17.0549774       450.000031    
   16.3754444       17.2766018       236.000015    
   14.6102495       16.1757965       615.000000    
   18.2652054       20.8485298       936.000061    
   17.2164173       17.5941162       685.000061    
   17.6945877       12.5650005       269.000000    
   17.3868790       15.0941353       428.000031    
   15.7793865       18.1803322       271.000000    
   17.2893372       15.0273809       680.000061    
   12.8352890       12.3850031       323.000031    
   16.7965298       18.2101517       317.000000    
   15.7999153       19.3293667       564.000000    
   20.7178230       22.0609188       1047.00000    
   17.9452286       19.3175926       1022.00006    
   17.6046829       20.6248703       1451.00012    
   18.8845387       20.0362415       894.000061    
   20.4880714       19.0897198       1297.00012    
   19.4740963       15.8089066       1024.00000    
   16.3205032       17.9171314       373.000031    
   16.4061241       18.3348217       417.000031    
   16.8459206       13.2535439       370.000031    
   17.1913872       21.2731762       588.000000    
   14.6406603       15.2376451       403.000031    
   17.7836437       18.3732376       648.000061    
   14.8985415       15.0981636       500.000031    
   14.5526342       14.3313360       6.00000048    
   12.3961849       16.2750778       26.0000019    
   18.7647381       19.0593338       23.0000019    
   17.8892422       18.8221359       154.000000   
